2.
2.031727929413476
2.063423912201115
2.0950560343645686
2.1265924427402405
2.1580013828114124
2.189251229151702
2.2203105163392562
2.2511479749380765
2.2817325533699973
2.312033435300698
2.342020111622703
2.371662416727636
2.400930490999977
2.4297948630222796
2.4582264689216085
2.486196679213776
2.513677331329487
2.5406407530693618
2.567059796176971
2.5929078574272495
2.618158910962303
2.6427875297974412
2.6667689100898886
2.6900789106320118
2.7126940657858785
2.7345916004942112
2.7557494650662786
2.776146353918614
2.79576172820333
2.8145758383514137
2.8325697404547934
2.849725315020984
2.8660252874719765
2.8814532453449644
2.8959936543533336
2.9096318741414073
2.9223541717521764
2.9341477357960493
2.9450006921210936
2.954902113871208
2.963842030244447
2.9718114387738863
2.9788023157049133
2.984807622221628
2.989821310646941
2.993838332415131
2.9968546435307846
2.998867206965691
2.999873995494361
2.9998739954425515
2.9988672072673
2.9968546447315645
2.9938383343473967
2.9898213137875653
2.984807627193124
2.978802321856139
2.971811444991816
2.9638420369039777
2.9549021219502603
2.945000700986011
2.934147743693449
2.922354179143477
2.909631882684429
2.8959936638267108
2.881453254484519
2.8660252962975146
2.8497253243504654
2.832569751128651
2.814575850359736
2.795761740540743
2.7761463664251584
2.7557494789530135
2.734591615530633
2.7126940802123154
2.690078922522082
2.6667689141315924
2.642787525893535
2.618158904728575
2.592907849983307
2.5670597876127808
2.5406407441767334
2.513677321010848
2.486196668346793
2.4582264579565605
2.429794853427686
2.400930481878874
2.371662406118732
2.34202009677632
2.3120334027041167
2.281732518463125
2.251147953873375
2.2203105039937223
2.189251219074953
2.158001373582021
2.126592433480432
2.0950560264023186
2.0634239069240987
2.0317279257906757
1.9999999966312645