0.8408964152537146
0.8420060562705567
0.8431113025000937
0.8442121578089066
0.8453086320040155
0.8464007314201897
0.8474884650574341
0.8485718443711225
0.8496508816315657
0.850725584773639
0.8517959612039392
0.8528620196670446
0.8539237688454118
0.8549812172872902
0.8560343736268514
0.8570832465782413
0.8581278443431125
0.8591681750884953
0.8602042472850336
0.8612360690718991
0.862263648243933
0.8632869929371997
0.8643061112112076
0.8653210107639435
0.8663316993321498
0.8673381845716343
0.8683404740450971
0.8693385752398618
0.8703324955856061
0.8713222424780512
0.8723078233387274
0.8732892454537662
0.8742665159036861
0.8752396416387721
0.8762086295576482
0.8771734865858507
0.8781342197222114
0.8790908358556824
0.8800433417364218
0.8809917440308435
0.8819360493345817
0.882876264185315
0.8838123950755892
0.8847444484605445
0.8856724307286727
0.8865963481811707
0.8875162070429562
0.8884320134759538
0.8893437735923818
0.8902514934679286
0.8911551791413037
0.8920548365780115
0.8929504716638563
0.8938420902169354
0.8947296979999712
0.8956133007326423
0.8964929041024802
0.8973685137499706
0.8982401352488122
0.8991077741110894
0.8999714357905854
0.9008311256859515
0.9016868491438773
0.9025386114622612
0.9033864178933795
0.9042302736470573
0.9050701838885712
0.9059061537042519
0.9067381881344184
0.907566292194645
0.9083904708691782
0.909210729104126
0.9100270718006465
0.9108395038081362
0.9116480299174189
0.9124526548539347
0.9132533832771514
0.9140502198189493
0.9148431690817719
0.9156322356275107
0.9164174239770342
0.9171987386097507
0.9179761839631716
0.9187497644324737
0.9195194843700625
0.9202853480851337
0.9210473598454074
0.9218055238841573
0.9225598443926459
0.9233103255193787
0.9240569713727719
0.9247997860238214
0.9255387735087729
0.9262739378293048
0.9270052829452184
0.9277328127802493
0.9284565312236075
0.9291764421288434
0.9298925493127134
0.9306048565540458